813
551
43
218
248908.646754
1532
17
39
1549378.238299
177
1081389.956330
13
65
491
190
146
315
976
119
186
152
23
231
404
33
319
928
4
410
584
196
428056.025851
582
12
156
191
462
213
1055
542
925
260609.624064
318
217
249
116863.631358
232
121
618
121954.139853
245
268992.875212
783136.906367
769
162
127
671
7
217
1022
1209
172
1467
392
100
86
424
514
866
1355537.524090
201
102
68
300
353
17
344
14
304539.331992
319
422
532
269
509139.529594
163
337
221769.729318
232
207
374
160
285
102
457
235
322
54
26
436
683
215
1172681.098566
198
101
716
274
68
315
46
479
701
609
1054509.803479
57292.405619
201
1483
97
256
75
223
912
313
202
54
125
6
258
188649.084971
336
505721.260484
26
344
378
115
241
339
319
337452.706414
114
771
16835.412164
491
84
86
9
792
108
179
381515.022308
452
189
455785.009570
238
57
350
248
240
158
302135.988644
350
80
377065.069250
167
213
434092.057777
263
1079460.957505
381
244
224
517202.449349
362
107
222608.611417
1658
640679.157373
29
393
343
62446.826503
246
67
99
554
381
27785.177359
454
688886.863426
46
276
89
315
296
879
427033.561677
358
513
323
125
165
43
586
401865.553387
249
271
314570.887805
198
362
53
203803.096614
185
137
138
288
1298463.265540
216
653
443687.570522
151577.768582
378
165
819
269
193
66
664930.698347
234
164696.210120
461
628
236
8604.681680
508
132
200
153
118
67131.172310
13
64396.554843
309988.318500
98
302114.898632
291
383782.262859
36
107
679
173
50
399493.189090
530294.987961
1454
622908.910807
7
387
10
721
451862.356220
593
296292.379093
213
563
180
707
194
535831.481299
517
248845.002272
3387.667776
324336.487308
623061.359213
696734.662225
35
193
123
405
198
423
85
682
158
256
543
182
13
322
969
76
242723.218797
58394.357431
68
224
52
43
11
236201.084447
172
68
67
1901.767483
148
177
455
507378.183420
397
24018.839897
57
805
19
624
74
16
247243.934430
683949.077364
612
299236.693099
269
289
186
255701.675423
131
298
202
754
330
53285.322858
341
0
306742.326670
29
1333701.535718
280.109130
203
240
770775.454067
404
452
60424.999515
214
21638.412408
300
7
9
364
628
86
22
458
185
10
62781.985747
84
461563.728684
128552.307872
1474
340119.723670
389
816737.416042
225
383
58091.936850
310255.795804
289024.041811
52
96
11
188
373
448
98
1255
164
809
324
110
103
613
80
9
587
263
197
102
101987.651859
154
154361.289241
8
3429.930327
109
371021.964030
747
765
319
353
77
31
103
423
429
159
386888.217139
511
544878.927759
417
667
1201
293
148067.610448
367122.069954
93724.658805
206
9
475955.804584
566
621
95
752
296786.337343
411749.553990
25
240
292
155
1139
196900.008376
171
80
231
700392.276266
273
88576.715816
182
19320.517027
361
655
6
424664.560138
539340.377502
4
305
848971.534703
557
214
828
623475.507788
170
138
74
739
493
38
153
285
424899.918674
32
208
423
61717.554912
260846.031433
22
107
178
10.209418
915
410
86
133478.052822
207990.696931
497739.284612
10
1240
463
287
339
669970.627410
504858.524074
960418.813955
112
532
79
311130.143417
1630
832
45
466
206221.537663
483
210972.238973
56
230
85
142656.482566
199
513457.311690
313
383
214
62231.051847
529877.416798
137
320508.936802
173
213
1
96
264
149189.403200
420517.194652
198
215
190497.258878
723
291
52
86
404683.753319
152
255589.708662
466
2278
414
477
271
239
66
482
462
17869.329038
215
104
140282.679215
300
349
102
695
31427.987171
190
443709.264792
421
222
115
101
666712.966868
140508.370175
151
559
444321.981864
362
355894.431710
427178.070722
337
11
402
440
388
505746.918747
57
10.417975
17
257
393
249
340508.996300
18532.738038
24799.196098
132
380
325244.743341
1732
256
507
309
316
323221.560053
192
525
182
152
253
291
502
414
86
191
300234.412996
134
123682.384960
708
76
117
264979.282124
657
74
170
85966.836959
864623.079643
478540.565566
986
324
256
59733.383939
848
60
280
243
418
285
293055.854471
717
216
653252.896762
49
110
373
491399.534726
244
246
376218.767791
67
782
475265.168547
568960.001808
378
342772.296380
40624.756418
35
831
83
711984.648996
400688.106456
106
179
89554.931080
38
211028.394296
320
468
191
653
279
137
585
197
1207
518
122027.720500
335
434
904
88
161
1778
894
471149.262107
281
369
259
61
629
375
471
151010.094783
226389.929366
47
1007
77
171
1015
142
170386.980554
956
209
245
163
109
437
112
536
159
65
25
401
92
378
21
402
591
260
39
516936.448314
221142.206792
111
568
539
1401
89
47
19
1974
319
6
134
241
320718.715546
387
356
405
324
528
140417.103158
505
1431
212
310
348
674666.281065
157
1
437045.283283
64
453616.957798
89
2.086776
271
463
751
110707.456296
759
363
70956.304821
114
285855.207424
2
118
308
650838.407397
1134
134
437
380074.238845
258
5
108066.426998
942711.736153
407631.457883
685
610
293390.184345
561
369049.607560
118152.820949
570383.686196
361
373
27
1240809.195585
546
243130.040629
59847.078601
248
375
19
558976.264399
4
601518.447750
103
454497.775988
8235.379404
175
147
241
477
592
93
136
206
132
256
580687.291881
134
388
270
104
79
77
225238.018351
181
95
356
101
345
38
284
162
11
100
852
57
379229.115940
266
172
111
148
1
432
563
388
405
676720.186840
74
673
275301.600915
634716.802181
432
434
375
88
196
269
180
378
116
52740.092616
23
629
25
278
176555.455612
301
180
291374.755056
48
2058
366
327
113
14
159076.296280
108
519
450196.397377
374
94
109
100
353
304
122
240643.661569
139
70
317278.600513
300
504232.305137
3366.167759
473
429
153
23
493
64
581
340306.779853
107
103
107
2
59
0
61
72067.184755
90
52
2341310.355021
92
354
210
520520.899913
302040.095662
349
65
308
286034.886811
382048.324345
284
57492.081987
645
308
322
1479
308
7
10
493
82
8
321
75139.595856
72035.886538
345
535075.120425
79
569
12
199
741
345
46
14
16394.687580
139
143781.394292
773401.106882
236
279
232
394
75356.779047
177
209
42
337
106
209
13
1089
294182.665254
1237455.731234
161440.205181
733
74
281
450317.511893
92749.577568
17999.594404
317
133677.080485
95
108
228
480
591
146
187
19680.184569
65
779689.909639
382
334
645201.814977
498
130363.418307
421676.551862
865
31757.143251
124
95
828855.619777
101
1276095.583705
153
524
772
55
102
450
459
86
34
422
568642.871687
230798.441007
358
49
371927.643670
191
338
74716.614280
427
207
176
721
145138.984531
41
166
1313
563
140
206
286
187721.842154
108
1501125.060619
487
366642.959622
294
19
323960.851478
733
